021,1151,2484,10389,37.982891,23.73476,Mar  4 2019 10:38:56:000AM
021,1151,2484,10390,37.973143,23.719235,Mar  4 2019 10:39:06:000AM
022,821,1804,10007,37.987158,23.728757,Mar  4 2019 10:39:05:000AM
022,821,1804,10015,37.985427,23.75514,Mar  4 2019 10:39:00:000AM
022,821,1805,10009,38.000679,23.740106,Mar  4 2019 10:39:18:000AM
022,821,1805,10011,37.992304,23.731425,Mar  4 2019 10:39:07:000AM
024,750,2640,79130,38.047557,23.734463,Mar  4 2019 10:39:23:000AM
025,817,1797,10374,37.98841,23.747484,Mar  4 2019 10:39:10:000AM
025,817,1797,10142,37.980682,23.720862,Mar  4 2019 10:39:23:000AM
026,818,1799,10381,37.984558,23.739193,Mar  4 2019 10:39:25:000AM
026,818,1800,10328,37.981468,23.70537,Mar  4 2019 10:32:13:000AM
035,816,2949,10109,37.986001,23.728464,Mar  4 2019 10:39:41:000AM
035,816,2949,10140,37.96926,23.707335,Mar  4 2019 10:39:37:000AM
035,816,2953,10371,37.973278,23.71061,Mar  4 2019 10:39:49:000AM
035,816,2953,10152,38.006411,23.74971,Mar  4 2019 10:39:38:000AM